Plik: data.10.txt
Opt: 766
Order: [6, 9, 2, 5, 1, 3, 4, 7, 8, 10]

Plik: data.11.txt
Opt: 799
Order: [6, 9, 2, 11, 5, 1, 3, 7, 4, 8, 10]

Plik: data.12.txt
Opt: 742
Order: [6, 9, 2, 11, 5, 1, 3, 12, 7, 4, 8, 10]

Plik: data.13.txt
Opt: 688
Order: [6, 9, 5, 2, 11, 1, 3, 12, 4, 7, 8, 10, 13]

Plik: data.14.txt
Opt: 497
Order: [6, 9, 5, 1, 2, 3, 11, 12, 4, 7, 8, 10, 13, 14]

Plik: data.15.txt
Opt: 440
Order: [6, 9, 5, 1, 2, 3, 11, 4, 12, 7, 8, 10, 13, 14, 15]

Plik: data.16.txt
Opt: 423
Order: [6, 9, 5, 1, 2, 3, 11, 4, 7, 12, 8, 10, 13, 14, 15, 16]

Plik: data.17.txt
Opt: 417
Order: [6, 9, 5, 1, 2, 3, 11, 4, 7, 12, 8, 10, 13, 14, 15, 16, 17]

Plik: data.18.txt
Opt: 405
Order: [6, 9, 5, 1, 2, 3, 11, 18, 4, 7, 12, 8, 10, 13, 14, 15, 16, 17]

Plik: data.19.txt
Opt: 393
Order: [6, 9, 5, 1, 2, 3, 4, 11, 18, 7, 8, 12, 10, 13, 14, 15, 16, 19, 17]

Plik: data.20.txt
Opt: 897
Order: [6, 20, 9, 5, 1, 2, 3, 11, 18, 4, 7, 12, 8, 10, 13, 14, 19, 15, 16, 17]

